=== PART 3.1 TEXTURE FEATURE TABLE ===

        Group  Blue Mean  Blue Std  Blue Uniformity  Rest Mean  Rest Std  Rest Uniformity
embryo                                                                                   
01          1     0.2806    0.1134           0.0142     0.6450    0.1423           0.0114
02          0     0.3173    0.1232           0.0109     0.6069    0.0941           0.0174
03          0     0.3984    0.1633           0.0070     0.6854    0.1119           0.0133
04          2     0.2715    0.0914           0.0136     0.5546    0.1515           0.0108
05          1     0.4294    0.1476           0.0078     0.5397    0.1169           0.0110
06          1     0.3408    0.1425           0.0094     0.5883    0.1026           0.0143
07          0     0.3611    0.1101           0.0119     0.6474    0.1103           0.0110
08          0     0.3408    0.1391           0.0083     0.6239    0.1234           0.0113
09          0     0.3086    0.1331           0.0121     0.6521    0.1224           0.0107
10          2     0.3152    0.0938           0.0130     0.6381    0.1625           0.0118
11          1     0.2752    0.0993           0.0132     0.6056    0.1600           0.0112
12          2     0.3065    0.1402           0.0107     0.6144    0.1479           0.0121
13          1     0.3131    0.1151           0.0106     0.5877    0.1126           0.0113
14          2     0.2952    0.0850           0.0153     0.5070    0.1094           0.0141
15          1     0.3826    0.1438           0.0082     0.6162    0.1154           0.0149
16          0     0.3392    0.1956           0.0095     0.7454    0.1213           0.0122
17          2     0.2717    0.0993           0.0125     0.5961    0.1288           0.0125
18          1     0.2396    0.1173           0.0125     0.6050    0.1305           0.0151
19          2     0.2895    0.0902           0.0163     0.6346    0.1351           0.0143
20          0     0.3266    0.1336           0.0098     0.6465    0.1158           0.0115
21          1     0.3124    0.1153           0.0126     0.6464    0.1307           0.0157
22          2     0.3081    0.1321           0.0120     0.6961    0.1766           0.0114
23          1     0.2830    0.1057           0.0145     0.6176    0.1229           0.0155
24          0     0.3096    0.1149           0.0138     0.6602    0.0968           0.0151
25          0     0.1611    0.1138           0.0157     0.6470    0.1572           0.0080
26          0     0.1506    0.1307           0.0208     0.5005    0.1470           0.0088
27          2     0.1767    0.1071           0.0135     0.5256    0.1789           0.0064
28          1     0.2164    0.1631           0.0116     0.4840    0.1270           0.0106
29          1     0.1230    0.1070           0.0275     0.5711    0.1541           0.0091
30          0     0.1563    0.1150           0.0177     0.6414    0.1865           0.0068
31          2     0.1513    0.0880           0.0155     0.4087    0.0783           0.0183
32          0     0.2196    0.1539           0.0139     0.4562    0.1189           0.0112
33          0     0.1295    0.1008           0.0273     0.5684    0.1610           0.0084
34          0     0.1421    0.1124           0.0229     0.5542    0.1693           0.0072
35          2     0.1876    0.1224           0.0122     0.5071    0.1240           0.0120
36          1     0.2117    0.1198           0.0109     0.5015    0.1930           0.0059
37          0     0.2025    0.1321           0.0114     0.5610    0.1608           0.0082
38          2     0.2186    0.1401           0.0099     0.5009    0.1450           0.0088
39          0     0.2024    0.1248           0.0131     0.4507    0.1197           0.0106
40          2     0.2065    0.1153           0.0108     0.5348    0.1719           0.0076
41          1     0.1955    0.1073           0.0120     0.4449    0.1125           0.0110
42          1     0.2286    0.1426           0.0111     0.4649    0.1310           0.0104
43          2     0.2678    0.1414           0.0088     0.4500    0.1491           0.0092
44          2     0.2189    0.1320           0.0100     0.4706    0.1552           0.0082
45          2     0.1691    0.0958           0.0144     0.4264    0.0800           0.0189
46          1     0.1724    0.1060           0.0129     0.5143    0.1770           0.0066
47          2     0.1923    0.1020           0.0133     0.3979    0.1190           0.0150
48          1     0.1716    0.1306           0.0160     0.5094    0.1876           0.0064
49          0     0.2603    0.1816           0.0101     0.5893    0.1660           0.0074
50          0     0.2336    0.1399           0.0093     0.4987    0.1344           0.0098
51          1     0.2464    0.1482           0.0096     0.5379    0.1525           0.0079
52          1     0.2612    0.1495           0.0088     0.5387    0.1645           0.0076
53          1     0.2685    0.1623           0.0079     0.6665    0.1839           0.0068
54          2     0.2829    0.1959           0.0092     0.5765    0.2602           0.0055
55          0     0.1918    0.1176           0.0125     0.6943    0.1791           0.0094
56          2     0.2578    0.1488           0.0088     0.5715    0.1947           0.0059
57          2     0.1892    0.1209           0.0120     0.8558    0.2358           0.1430
58          2     0.1994    0.1314           0.0111     0.4280    0.1063           0.0119

=== GROUP AVERAGES ===

       Blue Mean  Blue Std  Blue Uniformity  Rest Mean  Rest Std  Rest Uniformity
Group                                                                            
0         0.2501    0.1334           0.0136     0.6016    0.1366           0.0104
1         0.2606    0.1282           0.0122     0.5624    0.1430           0.0107
2         0.2388    0.1187           0.0121     0.5447    0.1505           0.0179